SampleNum,p.val,effect,n
1,0.05314008196068572,0.059993554259721214,20
2,0.5767276094987664,0.017251183700455815,20
3,0.8546302756588039,0.005356214862829809,20
4,0.4732850152799768,-0.02428853939057726,20
5,0.36599380467856857,0.027068422793520005,20
6,0.6611084949536858,-0.014129117524398247,20
7,0.05416531557073611,0.060244340772286485,20
8,0.4451898983676451,0.02371307047882299,20
9,0.4558306442115915,0.02217671270279021,20
10,0.45582522802469605,0.02269557085635051,20
11,0.04491343624792176,0.06503794167298885,20
12,0.37509632003227356,0.026152497589586463,20
13,0.06366286606211517,0.06633434951103818,20
14,0.2922219646752807,0.0298497275579063,20
15,0.6067038484761924,0.01615381710167887,20
16,0.1989470032422129,0.041461767837091025,20
17,0.44439628689972155,0.02807831897040131,20
18,0.04183713144644594,0.06482535534910638,20
19,0.48261026540772667,0.021835726589196885,20
20,0.4460962857778762,0.02434789273486294,20
21,0.17008732409213817,0.04889676342617461,20
22,0.6852331428086411,-0.013660150288607599,20
23,0.541128725669511,0.01978113958864605,20
24,0.24377206831370363,0.040561712186548686,20
25,0.8154877583155803,0.007180584320460166,20
26,0.7652013451545958,0.010361316543860886,20
27,0.08599904286991711,0.053373559156763874,20
28,0.7831514685218673,0.00855182376628122,20
29,0.37362473587481504,-0.026092411883067778,20
30,0.15618202341513865,0.04202144291988694,20
31,0.13004045617177812,0.045801303680207975,20
32,0.26245864912288525,-0.03485819669213758,20
33,0.06272799864793858,0.055925748279352455,20
34,0.4286693001953894,0.026256293992968114,20
35,0.9474577151974473,-0.002090925301367445,20
36,0.6029077991579328,0.01689384421305717,20
37,0.8615732061882561,0.005797373927655672,20
38,0.29961115059593374,0.03446589540057781,20
39,0.7991846283461321,0.008222866946738731,20
40,0.3811530136068967,0.03146844541203453,20
41,0.3155668380357796,0.0336925718243386,20
42,0.8072844492706794,0.008681873492960832,20
43,0.5689534468197398,0.019060655439348727,20
44,0.32551092781802626,0.025794487158336387,20
45,0.6931992722024083,0.013406510773961837,20
46,0.8830384289678392,-0.004413990977528606,20
47,0.6636807055474643,0.013842014841759813,20
48,0.3135531243156297,0.03417066669977943,20
49,0.024979475102734894,0.06542776674954462,20
50,0.6484982864979321,0.015981269016879095,20
51,0.05879812008427941,0.06111265841499116,20
52,0.30683244244794783,0.03578161650592016,20
53,0.00740026170577704,0.07793118714335734,20
54,0.1642172350866479,0.042138718839817575,20
55,0.053563163259278145,0.059489853692470174,20
56,0.5270448529791812,0.019795816871524447,20
57,0.16232922672442857,0.039418816099420446,20
58,0.047997266587240406,0.06258533359560527,20
59,0.31893207450814215,0.032520068134275784,20
60,0.7131693571178297,0.010759770770843783,20
61,0.5088837504506645,0.02221738591487274,20
62,0.24529168514190267,0.03245747976786804,20
63,0.07396531413227368,0.05526741705208927,20
64,0.4930312489036517,0.022306840740636415,20
65,0.4814998294708719,0.02058719470836838,20
66,0.5681188638425984,0.018575888509391965,20
67,0.6262883614607992,-0.015221740615960764,20
68,0.5524577998110214,0.017985323936408143,20
69,0.755481257180562,0.009909572058910188,20
70,0.17305252771776822,0.04531451497795226,20
71,0.701254548458975,0.012049318533718451,20
72,0.4252362998163197,0.02541053468925552,20
73,0.5116061043613868,-0.020739797423549304,20
74,0.3739012668086381,0.024888495324658665,20
75,0.17106208166626183,0.04431313076037095,20
76,0.30495086868777127,0.03465199579296793,20
77,0.5346517415364624,-0.02327153061630991,20
78,0.4793948889927717,0.02609541254374205,20
79,0.24078597416881486,0.039477742919481924,20
80,0.9083570135868705,-0.003785938544472966,20
81,0.3036980415711262,0.03343923836806873,20
82,0.21558859300226954,0.03494700292683919,20
83,0.9083238384828318,0.0034693155723332803,20
84,0.44619190676464227,0.024667140028053796,20
85,0.05320636184797927,0.06133534892670558,20
86,0.15128664439874248,0.05156349810713617,20
87,0.5120188300281074,0.019875217500955996,20
88,0.3240063954119682,0.0281843968444568,20
89,0.5895265786458155,0.017478240068040374,20
90,0.5761107130057255,0.020145732880668937,20
91,0.20924355143937512,0.04298594982959175,20
92,0.8999657500923615,0.004410913612796902,20
93,0.28601961730187464,0.03457021061132881,20
94,0.6987535146727664,0.012231975071384004,20
95,0.07077791640339978,0.06860474667326467,20
96,0.005716687679363007,0.07351422964990717,20
97,0.2677483810784758,0.03445455127708326,20
98,0.4074269556800141,0.025133260373394466,20
99,0.562991523702219,0.018410470335804483,20
100,0.8678742971965573,0.005489855342112234,20
101,0.016149784625823917,0.0809912556731285,20
102,0.3333939552039965,0.035657120049011844,20
103,0.04299915358254177,0.0646309528025204,20
104,0.3921598501261946,0.02530510593276429,20
105,0.06543896424817183,0.06154676094670341,20
106,0.28505870239806674,0.028942445438789037,20
107,0.6922848198370044,0.011647045382104924,20
108,0.385587538027264,0.027474512338071803,20
109,0.15533236741138015,0.04395461997856428,20
110,0.12123862802894171,0.04560019848847364,20
111,0.41766899876135744,0.022626792512694758,20
112,0.5131717570887695,0.018234969573391217,20
113,0.20847992865857112,0.04742842608653803,20
114,0.04817555811388786,0.06471016222424121,20
115,0.04458176908223956,0.05795409537345154,20
116,0.1302438202179981,0.040473852454552844,20
117,0.8119238890805549,-0.0074599243222572345,20
118,0.2614971681124306,-0.033342812478177865,20
119,0.7559431880909149,0.010389599801398511,20
120,0.4937423357987868,-0.022597392737516073,20
121,0.479645286200429,0.023726623988000312,20
122,0.6155335235140713,0.015387080874060067,20
123,0.5593628731443545,-0.016668895333261248,20
124,0.01810034859855367,0.08255192986712379,20
125,0.4701080853883497,0.023166400527259427,20
126,0.14179059917408265,0.045893381307041355,20
127,0.6513179490415115,0.012836307610315421,20
128,0.6991646911632021,0.011807877016677102,20
129,0.34041936937210127,0.030903729477197456,20
130,0.07129069236930989,0.060013748137997716,20
131,0.8605554362568614,-0.005701929660001554,20
132,0.036838632319590586,0.064068102888606,20
133,0.6816393212307017,0.013309148726747553,20
134,0.0860838060891395,0.05798770339669476,20
135,0.6620141462079473,0.014369560524697947,20
136,0.8192590878228481,0.008251064372135127,20
137,0.45127908568520947,0.024099567248250603,20
138,0.9226070636665034,-0.0031331193136685826,20
139,0.0057590912131391244,0.0808074512731667,20
140,0.09060721546719464,0.06241598093877339,20
141,0.6447912390185232,0.015456510684021069,20
142,0.13979396664502602,0.044823317702197336,20
143,0.04390218583067598,0.06344354374998559,20
144,0.3414506961327318,0.030566843185960407,20
145,0.8145847193770648,0.007856565461642786,20
146,0.2008050368488539,0.03701468626267225,20
147,0.11828695854932672,0.046378333256566866,20
148,0.418621996920023,0.024055954186034553,20
149,0.8509265862812238,-0.005837272462628385,20
150,0.6785527211725747,-0.015100688480639385,20
151,0.5787909129725171,0.017869592634188445,20
152,0.9679555215742133,0.0014236989713729148,20
153,0.12142673007495763,0.047765947659339045,20
154,0.02614773781403451,0.06844774796018162,20
155,0.032847037317242145,0.06426546696774504,20
156,0.6458879944366125,0.014174017590790271,20
157,0.008966380232077248,0.07829381289721435,20
158,0.3773796882099615,0.025292763432237225,20
159,0.044973400302537075,0.05819651502292153,20
160,0.4507470837118006,-0.023787668663566772,20
161,0.07696416431540531,0.05111425051645236,20
162,0.40172760065570534,0.02754010559977788,20
163,0.7273991105554254,0.011630754490399324,20
164,0.4926155957443282,0.019087595323849293,20
165,0.3969407554772959,0.026048888151377396,20
166,0.5828529403047198,0.019218976278661218,20
167,0.7819598405495808,0.008805961275916143,20
168,0.07465411968923269,0.0535692131971618,20
169,0.07808364983456158,0.05439574932669411,20
170,0.9130353601917798,0.0035753026719418574,20
171,0.16863335472418914,0.038470589368170625,20
172,0.45424962117024903,0.020624032566464685,20
173,0.19292656744824782,0.04097708289534044,20
174,0.5708686846914066,-0.017557470114961397,20
175,0.3110852155687676,0.03126850215379628,20
176,0.6399518423797051,0.014359224397052481,20
177,0.9182571919330423,0.00343101065886921,20
178,0.33371094678712077,0.0323532764026266,20
179,0.6695283507979288,0.01501165012418007,20
180,0.8749715405624054,0.005528839910139369,20
181,0.6667969561192588,0.013452261074041197,20
182,0.511138970077166,0.0198365907880478,20
183,0.6873912214754905,0.013693827246795664,20
184,0.6279194830194227,0.013809130833346095,20
185,0.4045019340153684,0.02645231151348575,20
186,0.4347338099215897,0.027488950045674698,20
187,0.6201189904928994,0.01635650607540732,20
188,0.18871831582786558,0.04548325984167978,20
189,0.2570820293944908,0.03270736232198878,20
190,0.298153085753244,0.0327525325166636,20
191,0.5262364537767678,0.02004728611313167,20
192,0.6457976188924917,0.015505397673623175,20
193,0.5118830190736008,0.01952958375098295,20
194,0.5483713930831164,0.02104095238125383,20
195,0.30849808565631204,0.032302366321984896,20
196,0.11802141776537113,0.049209163080898274,20
197,0.009120013117329987,0.0722492589334664,20
198,0.0806567273625081,0.058995780304120476,20
199,0.5395640029524711,0.020610012796303805,20
200,0.01198556843362341,0.07884189590769096,20
201,0.2946498990055076,0.03252036977682676,20
202,0.06564041464673541,0.06432095173808704,20
203,0.7582109392602533,-0.01029672307672662,20
204,0.08945492824173475,0.06349584490966065,20
205,0.5040517681139792,0.022296258360286966,20
206,0.014014812036592432,0.08001604347078356,20
207,0.8484433008738036,0.006144178486580363,20
208,0.7785440783580104,0.009624108149801752,20
209,0.8791111544832511,0.0048749368493139576,20
210,0.814491011163816,-0.0075482836919552,20
211,0.1178145926204934,0.051125299009129425,20
212,0.021596446483122405,0.06801375491552421,20
213,0.16169611562987904,0.047147127434001214,20
214,0.03116921052892493,0.07440535844106941,20
215,0.6875749467062209,-0.011816352233841183,20
216,0.55466730198544,-0.016964195728834605,20
217,0.4943573035879232,0.021533517379504676,20
218,0.06487408043776091,0.05264243303225642,20
219,0.22475909656038803,0.040883329873099214,20
220,0.8264209561712259,0.006304915375876371,20
221,0.3154740109750132,0.03060314163177481,20
222,0.28896147283960305,0.037967803439678816,20
223,0.9484791637742003,-0.002105117121008074,20
224,0.8390215576314143,0.007048253326442891,20
225,0.5465104665362437,0.02051182318596717,20
226,0.3194226115228415,0.028008940665562983,20
227,0.7280102452816986,0.011244532210738916,20
228,0.6928841500668219,0.01201321984805107,20
229,0.6606655464924779,0.013871109641556767,20
230,0.4688557240232587,0.023699963160550338,20
231,0.0814922206844305,0.053057725823070154,20
232,0.7895030836562056,-0.008669618983444538,20
233,0.47655140110881167,-0.02342364439656964,20
234,0.6448503815246849,0.013342786179878673,20
235,0.2485862128255993,-0.037737083865124844,20
236,0.06717183747470158,0.05233703831184188,20
237,0.3969085020491214,0.02506416180176679,20
238,0.6038968143365253,0.018033998467499545,20
239,0.05553607880032118,0.05871443837582196,20
240,0.5993402686394556,0.01641596919383164,20
241,0.24880506879021888,0.039269450133274514,20
242,0.3266056868149859,0.034790702106636984,20
243,0.7863076744371715,0.009211397766573674,20
244,0.4626375588550242,0.02324917805687474,20
245,0.5326820561833012,0.01687537627121396,20
246,0.502856951783683,-0.021394908518180766,20
247,0.4391056404861128,0.026143069560472958,20
248,0.9985808387548462,5.5580971487102244e-5,20
249,0.46873932068716206,0.023217297729163887,20
250,0.019421814408499983,0.07431548353684872,20
251,0.3049193272298484,0.031534922863137034,20
252,0.4945597571180622,0.02179379523568519,20
253,0.8606581182984512,0.005362535346691179,20
254,0.6703803837738511,0.013458254047838165,20
255,0.3965011712166654,0.02295838327587379,20
256,0.012158352863240776,0.08791805153277628,20
257,0.1244262909410788,0.0503962320376581,20
258,0.16046148902372093,0.043243133916422094,20
259,0.02215264271499798,0.07325873714566722,20
260,0.43984333941988907,0.023731090442384563,20
261,0.4446324158614742,0.023460162875772843,20
262,0.9003576955379339,0.003914187850263144,20
263,0.43447463194313296,0.024658702330067683,20
264,0.2439030352652173,0.03297039730192824,20
265,0.24773447483440642,0.03177594408031041,20
266,0.7297021572760307,-0.010564042993139346,20
267,0.6058969918145036,-0.01511978840555008,20
268,0.04472941870892695,0.05801151407150546,20
269,0.0396526156648685,0.06552103651085028,20
270,0.19427882271622388,0.04146916439705486,20
271,0.338888159517589,0.027664612323200038,20
272,0.06595180020043385,0.05249717725528994,20
273,0.7856894796787375,0.008962695391732585,20
274,0.2166832061125377,0.038505521998945115,20
275,0.15803773655369657,0.04802970813996959,20
276,0.16898227779539923,0.040508023388020446,20
277,0.5134049313693501,0.02037795936923393,20
278,0.24047757875705533,0.038226771976512884,20
279,0.05973330582638956,0.05920505205339696,20
280,0.9284757234492182,-0.002551667391182646,20
281,0.10045181926316894,0.05031591103343467,20
282,0.22693085224285783,0.03663564065066497,20
283,0.2905222910290806,0.03414241175968071,20
284,0.3752324415173174,0.024513255583133765,20
285,0.4639143467819413,0.025137236103343192,20
286,0.0281116261327932,0.06700239330030684,20
287,0.44111301285020044,0.027419113194126404,20
288,0.03188347664692041,0.06485009219633718,20
289,0.18569392053053738,0.0427647931907943,20
290,0.7200555984241271,0.013244240815276115,20
291,0.18775695340283438,0.04517443363054296,20
292,0.09733778763010173,0.05055783912349828,20
293,0.16374554809666367,0.04773774967630477,20
294,0.5568687242443218,0.018547745598141003,20
295,0.0746543547896881,0.05981294500501586,20
296,0.8555765421642358,0.005745854807205369,20
297,0.10283969625536821,0.0515609141425316,20
298,0.752320858357194,0.009753401501036029,20
299,0.9799916016959735,-8.413400817531034e-4,20
300,0.930790932458863,0.0026266550631639397,20
301,0.40156145133947296,0.02695844201366683,20
302,0.10991075605676877,0.050684837475980536,20
303,0.5239084721911459,0.021770508702385196,20
304,0.29232152525550104,0.028984574136111288,20
305,0.4998115142569062,0.023338221714832207,20
306,0.6571131510697619,0.013573290748943811,20
307,0.6754158531199801,0.012276134403605069,20
308,0.7859783551017951,-0.00900856428387831,20
309,0.4079461207061429,0.026410968888884945,20
310,0.3122800332205379,0.031980296217373916,20
311,0.6244186545523758,0.018523860452963586,20
312,0.2799829347379127,0.03611636040841047,20
313,0.8482751275301096,0.005801507395581925,20
314,0.6790288780221957,0.01226685974888531,20
315,0.8123112157674662,0.00809383152108572,20
316,0.26945904952862404,0.033141081415531314,20
317,0.35123041149233025,-0.02850276436674476,20
318,0.3693867781271152,0.03246857897783161,20
319,0.6915736793904541,0.011678378373275294,20
320,0.8312189888101329,0.005844618885899396,20
321,0.3032933395346792,0.031739482306979386,20
322,0.19705946963206475,0.042771320248899965,20
323,0.42781342323070193,0.025196086068905176,20
324,0.5573028452089905,0.0179675178785899,20
325,0.7558189089725744,-0.01000710550513391,20
326,0.46123979625723965,0.02467487811947515,20
327,0.07402209980012375,0.05800526713608332,20
328,0.4365092049493051,0.026624026847977617,20
329,0.5901375659916875,-0.018028443147975717,20
330,0.7979030549096935,-0.008576584300805013,20
331,0.19900935959014512,0.04062533344255297,20
332,0.08852319477777028,0.04707523840134247,20
333,0.3619884344283827,0.030858526446572217,20
334,0.6979159228046803,0.013577719366842206,20
335,0.28224429146677765,0.03330218027581576,20
336,0.2549868432361548,0.036651701738540717,20
337,0.903300498499911,0.004075056111651765,20
338,0.08524060810755527,0.053246468308011996,20
339,0.6289767067816866,0.015304509113792225,20
340,0.6565399037046215,0.015266602292371579,20
341,0.6912037293512895,0.011518695675007276,20
342,0.8061377623507362,0.007801336478855086,20
343,0.25395028179750057,0.03805576357710638,20
344,0.3084044332150261,0.03270275098376505,20
345,0.07471704482462681,0.05241774673131124,20
346,0.30449478382570005,-0.03261085409242442,20
347,0.337797579994234,0.027279390581311326,20
348,0.15485722460342988,0.052314279352461336,20
349,0.83387952122252,-0.006352934370887301,20
350,0.6032630828563145,0.014022616567702815,20
351,0.18108327772052918,0.04222970166834468,20
352,0.12637250243895848,0.053785101572165206,20
353,0.04268697108015885,0.057695536750156845,20
354,0.5336147108048339,-0.02092814557970642,20
355,0.04261516943754578,0.058084770640368155,20
356,0.769554047242324,-0.008367134103231992,20
357,0.36364599393305097,0.024514193792544173,20
358,0.4464403411096902,0.023756612315842168,20
359,0.5264543092531214,0.02046284584649188,20
360,0.36991212964532927,0.03174717307764462,20
361,0.364546572653366,0.031195194468602704,20
362,0.41069420785124233,0.028222262746899027,20
363,0.5921794012296435,0.016426198320278522,20
364,0.6394578177666256,0.015994448530200156,20
365,0.4955167570532566,0.019208921279946237,20
366,0.19575418315812143,0.03786579749206355,20
367,0.6070393904568048,0.01575448103643283,20
368,0.9015422811816896,-0.003714370099528366,20
369,0.2824849762189783,0.03267299805464734,20
370,0.7141371473831095,0.011382464348081768,20
371,0.11063932741996113,0.050426353607457286,20
372,0.3747994795311843,0.026339136307987225,20
373,0.13898214668917214,0.05123402550629841,20
374,0.9616671704023577,0.0013693369546257752,20
375,0.23916513703589692,0.03535948536310667,20
376,0.1566001848995643,0.047849500328751376,20
377,0.630092754487788,-0.014655680852575053,20
378,0.20420204986034016,0.03850215781121402,20
379,0.7496306335318794,0.010168276020373256,20
380,0.7725204784720576,0.009710380696250331,20
381,0.7911055744167506,-0.008865252283856451,20
382,0.5466250896382535,0.022571770984784363,20
383,0.10312236567839181,0.05017944222926792,20
384,0.20668621128545722,0.04358157411080483,20
385,0.525772114559399,0.022214813862869366,20
386,0.5768971280291424,0.018182804586562438,20
387,0.1545176700026638,0.04789534775575549,20
388,0.2481253657111817,0.03674126352803497,20
389,0.09758771541095007,0.05085638822350452,20
390,0.8422896578171495,0.007204129495615127,20
391,0.010531876932068984,0.08773638846382004,20
392,0.33680321585856865,0.027679792067193055,20
393,0.5573795929928024,0.01975289745185181,20
394,0.4069548563282649,0.02536770173862352,20
395,0.29892748508809053,0.03418851861260999,20
396,0.6610910440533961,0.014111346388151848,20
397,0.28408308177390884,0.03328218010236607,20
398,0.79481959939312,-0.007745525400139566,20
399,0.22844721949662442,0.04073309921331831,20
400,0.2895444397933437,0.03444501863795694,20
401,0.8850244493587233,-0.004371071187205798,20
402,0.9483592517896151,0.0020347271201400863,20
403,0.14386891168924237,0.049006652919876756,20
404,0.44315399600264316,0.025502151173592225,20
405,0.6840041108233876,0.012870710931689813,20
406,0.07942702378033252,0.051624522456027125,20
407,0.2568055779998533,0.039075321983414686,20
408,0.2734338427066504,0.032499042003619166,20
409,0.38126238427933323,0.028494361748445402,20
410,0.854959900322538,0.005962831302689045,20
411,0.318004312205743,0.03402189996720656,20
412,0.22793012157636555,0.033155162601378255,20
413,0.41614321567780066,0.023749478266397717,20
414,0.7637528369553154,-0.009395092472094736,20
415,0.39400525021433563,0.028046767182609275,20
416,0.06649306473623083,0.05837608820027704,20
417,0.15713756406249116,0.041112710265095914,20
418,0.4218065028363033,0.027955071407842775,20
419,0.7498618583771576,0.010150096083343127,20
420,0.4429560632116092,0.023892115816935896,20
421,0.2807168682628269,0.036827304954192605,20
422,0.3590184250405798,0.03296607009962002,20
423,0.19864489914289213,0.043044540535892,20
424,0.5931666103516691,-0.018311215749856873,20
425,0.20720320297534434,0.04251605526714118,20
426,0.7561999859694044,0.009649841535853047,20
427,0.6396325790574147,0.015264957646491942,20
428,0.23331103016015356,0.04161055752478493,20
429,0.889271156754769,0.0046808139525729405,20
430,0.20651395541145254,0.038492679498353444,20
431,0.480758555706683,0.02030527984778556,20
432,0.45037368075809947,0.02314441205579051,20
433,0.042910315634317804,0.06380717275543211,20
434,0.5076861270349218,0.02499202219124247,20
435,0.15727896874455,0.04177813167646103,20
436,0.7626031639334958,-0.009654190085427623,20
437,0.19596641919535998,0.04226701079493555,20
438,0.2722873278391056,0.029654273250992246,20
439,0.5423168590804299,-0.017622512608212782,20
440,0.7617074183975198,0.010271203246083835,20
441,0.9642917696916327,0.001530946346489821,20
442,0.011463067898597998,0.0796598030105486,20
443,0.7097571827564156,0.011222505942783909,20
444,0.8607074545107798,-0.005645270465602404,20
445,0.4663405668827446,0.02470139662357603,20
446,0.28080609551306795,0.03634696079895725,20
447,0.6437924382620174,0.014581355117928897,20
448,0.644631092084019,0.01487333943099504,20
449,0.4813146172594376,0.021386934922353062,20
450,0.2822985579307083,0.031265992848544054,20
451,0.30443652007187594,0.03130336465070466,20
452,0.5936618948295738,0.017185901903484985,20
453,0.5961091099522274,0.016929651771011,20
454,0.6878696432181932,0.013124584636467934,20
455,0.516292200031264,-0.017819894594001476,20
456,0.9972670245350692,-1.0451457350262917e-4,20
457,0.8651737929526292,0.0053478716249971935,20
458,0.32299734441676153,0.0314407809397781,20
459,0.892541182108044,-0.004232274484689334,20
460,0.13546652541783163,0.04595072619465773,20
461,0.03965575641276327,0.059071186855270116,20
462,0.22115319972866432,0.042989581286944564,20
463,0.9898001605411577,-4.281109264472013e-4,20
464,0.12966064373918945,0.0473270094488545,20
465,0.14124982037872114,0.049180607640063115,20
466,0.04466797895042986,0.06144496285243054,20
467,0.44474203271770174,0.02299994652515272,20
468,0.7933885060458045,0.007737155406131461,20
469,0.027514580393360057,0.07208887985897747,20
470,0.3334415729116107,0.035090036584925495,20
471,0.5451211356881117,0.018040074753912436,20
472,0.7379004920753207,0.009906728776518178,20
473,0.8090637009456407,0.006792711614326521,20
474,0.1692812434736864,0.04615237706298611,20
475,0.48028954655456013,0.024324633798395775,20
476,0.49791846695011255,0.022153203359421263,20
477,0.5562355578868716,0.017216468903515587,20
478,0.42891220678849773,0.023288702889154175,20
479,0.18788378394234986,0.04215490977425034,20
480,0.5086284678946645,0.020522247767624822,20
481,0.5443186061194367,0.018228140935674087,20
482,0.839148618744971,-0.006628681947996831,20
483,0.6045809549608672,0.015947240863790034,20
484,0.1600680180809246,0.040915028247760554,20
485,0.39729219701344687,0.02592350341721774,20
486,0.19605786271249256,0.04092601127492437,20
487,0.7561265342385839,0.009550623786338147,20
488,0.16869731742846336,0.0394269364874999,20
489,0.08745908068613097,0.057971423566439036,20
490,0.16224947320322824,0.036597627151298676,20
491,0.33156984100710274,0.03148360467459661,20
492,0.2912626746994408,-0.035245989254764507,20
493,0.3447259264113126,0.028696701286528684,20
494,0.5603006013107702,0.018030924886392068,20
495,0.4305301854876976,0.023450500666879332,20
496,0.5076107130310188,0.022206013852743144,20
497,0.21331139644165337,0.042381816028853145,20
498,0.8112255746333976,-0.007639995555970332,20
499,0.2305805146106196,0.038554935660809045,20
500,0.548796501957576,0.01939688004634563,20
501,0.402524666022433,0.024212804342036133,20
502,0.28731432450588523,0.03601547508591868,20
503,0.12276200420392182,0.050866085796542504,20
504,0.16313889093940873,0.03950941736093761,20
505,0.6551136842012688,0.013985760711090615,20
506,0.7998135550833376,0.007163046295718997,20
507,0.8455364681107796,0.005828723001144214,20
508,0.2528676394359086,0.0344710430105656,20
509,0.45126166600916495,0.023094383846904928,20
510,0.4337167115145776,0.02443944812394152,20
511,0.1098198249529651,0.05108091455281561,20
512,0.06718344982140864,0.0498616652980815,20
513,0.9528233846966225,0.0017331410143515457,20
514,0.4345988576024832,0.023864404770262998,20
515,0.15176061246590145,0.04312438610919101,20
516,0.4305726555092708,0.022919230456404448,20
517,0.08221907799437589,0.05389687241710704,20
518,0.16656447003594194,0.03937384098848173,20
519,0.019180937979935298,0.07700732393287664,20
520,0.5807266950613058,0.018169925493497382,20
521,0.4256287982070903,0.02293822779980121,20
522,0.9579616264344707,0.0016698629376163529,20
523,0.8833915223330263,0.003935929042057421,20
524,0.5582410844528156,0.019819481716750634,20
525,0.13733511370973905,0.05231366436583164,20
526,0.46353520207239207,0.021684990651757618,20
527,0.386423732096728,0.027713211805390034,20
528,0.22606540290236016,0.039734722701161546,20
529,0.18836752053462058,0.038770677167048906,20
530,0.13597286994479127,0.04545170993178393,20
531,0.039133859616848586,0.0670869380618995,20
532,0.5422751694445139,0.018397185588567275,20
533,0.7775123331176578,0.009658477567740418,20
534,0.6967894784222853,0.011991709483471374,20
535,0.122077977524691,0.043931359775967,20
536,0.18911866776717703,0.04188191328356898,20
537,0.4752029887401089,0.020876148209735407,20
538,0.025136840923467633,0.06607304041254143,20
539,0.048297818397126435,0.06234365255597732,20
540,0.6705222281303995,-0.013651085137103563,20
541,0.16296663722832483,0.04860601184871607,20
542,0.11527797922737879,0.04931692059666036,20
543,0.4188613268141057,0.02609460373607413,20
544,0.1186838119398265,0.05162111622427494,20
545,0.13783940331096758,0.044114900950948166,20
546,0.34085645200769754,0.02909197871515,20
547,0.7656717862206113,-0.009549857452434328,20
548,0.590250677404482,0.017205813579327753,20
549,0.03179545442152275,0.0606820884805338,20
550,0.32307278707082776,0.03089517401831852,20
551,0.35851818822482373,0.028642858646258165,20
552,0.2879988529367295,0.03549617885384664,20
553,0.07046869200948,0.05176404994739553,20
554,0.8304077731292199,0.006145382789621908,20
555,0.0728310313471552,0.054620947336605226,20
556,0.2179138379833726,0.03694163799061697,20
557,0.42857047521094505,0.02396712656627344,20
558,0.047268078713220606,0.05792687909394471,20
559,0.23787426116768812,0.037190271844782116,20
560,0.2710482989038858,0.03374845357549218,20
561,0.5687806236583548,0.016470379726618762,20
562,0.8193344039225141,0.00743716095704455,20
563,0.26690293474384447,0.03742388093505898,20
564,0.4213014822497769,0.023918301836550082,20
565,0.7237410040171273,0.012189967972710674,20
566,0.5978116595093762,0.017426940694988426,20
567,0.060206226557258644,0.06338780399960076,20
568,0.17436563213821066,0.04039756040557718,20
569,0.06899493738056135,0.051273057325752,20
570,0.5095886398353944,0.02286663131218149,20
571,0.8258679651845373,0.006443779293438464,20
572,0.9607269776090017,-0.0015478854287967814,20
573,0.4669698184038854,-0.022660985190568313,20
574,0.42130751101126096,0.02533579895574113,20
575,0.25340832877795755,0.03842639391649908,20
576,0.34840825370728834,0.029124965953293343,20
577,0.017148752254030182,0.0755268622284475,20
578,0.887557248413146,0.0045029903254744826,20
579,0.11688385662838947,0.051245798265166495,20
580,0.15922099056793043,0.04619300755769507,20
581,0.49366865329930676,0.021985090056510757,20
582,0.3598205600347113,0.029315009371616133,20
583,0.44118997158422624,0.02421890264499782,20
584,0.8647708866310012,-0.005247872244007239,20
585,0.4013658925365282,0.027587478641491147,20
586,0.2594924475742669,0.035468067026922366,20
587,0.052305214790220135,0.0616549322128062,20
588,0.3360099991969526,0.030416147678780748,20
589,0.4382157975272536,-0.023799910301686683,20
590,0.19854678566814324,0.03691348481336728,20
591,0.25616408688045644,0.037321357580048335,20
592,0.6989552047329481,0.011761742223838722,20
593,0.7651163435811283,0.008305458212564253,20
594,0.15347577922982872,0.04141402765879452,20
595,0.20962059687169737,-0.036977442466879264,20
596,0.5843421536006028,0.016902999014654425,20
597,0.7106956784364886,0.011515040096085533,20
598,0.8473530547352228,-0.00604708698442562,20
599,0.3994568836635828,0.024728501058091545,20
600,0.19092273363488307,0.04107075050304181,20
601,0.8436654598167177,-0.006490920132193036,20
602,0.17232833327142816,0.044871476988666927,20
603,0.8753988121525941,-0.004775271609907076,20
604,0.32847395513422506,0.02852122990284567,20
605,0.9432661161795609,-0.0024639300002239277,20
606,0.33813799013683554,0.029928457474569518,20
607,0.6568054081091641,0.014343222077064764,20
608,0.47738259328109023,0.0229037981276108,20
609,0.7950749038573048,0.008762111287348464,20
610,0.09509560708626906,0.05742840341501257,20
611,0.30279558839636067,0.03377262280806682,20
612,0.15155859888332174,0.04481113029500864,20
613,0.1699390927086039,0.040690724967554104,20
614,0.3931445977724427,0.02882517626651624,20
615,0.29972797460304607,0.028018349221677518,20
616,0.4469718534823114,0.023755011920323248,20
617,0.9583702837295952,0.0018140899496253884,20
618,0.34929607919010075,0.03380960697134639,20
619,0.10751872033471167,0.04941415085623215,20
620,0.47106990693012074,0.0193761767653734,20
621,0.8109710651234617,-0.007610045351819651,20
622,0.9805739244684444,7.523589688937407e-4,20
623,0.28652282919345645,0.030747383117142427,20
624,0.13809893013775779,0.04968231370578623,20
625,0.6542447280415189,0.012758482918505721,20
626,0.4103248515206306,0.023787907615545077,20
627,0.7452455089939205,-0.010220854184283115,20
628,0.5579224475016658,0.01839179567274164,20
629,0.06325983595946147,0.062487165409566205,20
630,0.29109942900729485,0.03768347111694995,20
631,0.7296122411177411,0.010031234393620978,20
632,0.39883487610109936,0.023108276449713822,20
633,0.07416067293515138,0.05679855040576961,20
634,0.8058655983166767,0.0080014379443889,20
635,0.20654737060417233,0.04087362169822536,20
636,0.45696517201023457,0.021527958990458642,20
637,0.4178384760765531,0.02425377678298926,20
638,0.5134565156471207,0.02010706891592236,20
639,0.6632885603073018,0.013294523318472275,20
640,0.41378449103444626,0.02115716904663427,20
641,0.679002366521753,0.013782316205867631,20
642,0.7679817433360232,0.008268073111797723,20
643,0.07731349283874306,0.05382516813862,20
644,0.12322593516230824,0.0465510451533337,20
645,0.675972134829302,-0.014604171312258767,20
646,0.46312229342270883,0.02478569203884139,20
647,0.9999052177241206,3.863057978567929e-6,20
648,0.4847080485467078,0.02173036815138809,20
649,0.08494787298882155,0.048877587111984734,20
650,0.4681004893107875,0.020964235003893057,20
651,0.9662522292243534,-0.0014503172262036164,20
652,0.5596212934689553,0.02066396671508767,20
653,0.5598608813473551,0.018057418454419678,20
654,0.4101813964504962,0.024759386642163213,20
655,0.1619956944621963,0.04294445284756808,20
656,0.3660194490605393,0.0268648563981551,20
657,0.492067455150504,0.02235553844435843,20
658,0.163372144318494,0.04854244904411751,20
659,0.28577099711969356,0.034778734764140416,20
660,0.2650931947107432,-0.03505859230834311,20
661,0.17821358251201228,0.04374418421746633,20
662,0.32586979167840535,0.026663840356424294,20
663,0.15121803336882697,0.0526270507782774,20
664,0.797788907949328,0.008038594110998725,20
665,0.25381595856227573,0.03267436856615474,20
666,0.7497481465626266,0.010190593825233896,20
667,0.23288770728700287,0.04077791852290709,20
668,0.6534485805653794,0.013702302950929437,20
669,0.2733955705782821,0.03203008042999824,20
670,0.3744883751699577,0.027854401761797116,20
671,0.986019036923736,-5.486718743038947e-4,20
672,0.123280616186437,0.052289367524287006,20
673,0.6491154746489691,-0.014586130474944187,20
674,0.2768054081303974,0.03509149738710462,20
675,0.5871788760221769,0.01746349793074789,20
676,0.04025971065415766,0.058549818393217774,20
677,0.7047277502277269,0.012155912556584419,20
678,0.2262592468178394,0.034810482812757636,20
679,0.9952343072534083,1.9494864050705792e-4,20
680,0.460270318767788,0.023809993816059125,20
681,0.7120210675664622,0.010513747186050991,20
682,0.8445502903373181,0.0064865440873052346,20
683,0.7372628259959619,0.011053539309093238,20
684,0.267157752335875,0.035145223898094796,20
685,0.49846110479426275,0.020437209936739188,20
686,0.9749190704920696,-9.615504490594661e-4,20
687,0.24507408459195054,0.03548748162658853,20
688,0.2417025493278645,0.038644379474313824,20
689,0.4310465462992997,0.023379014373812085,20
690,0.7417321251095434,0.010073901317924164,20
691,0.8832841073013042,0.004311971404800015,20
692,0.15985367863338343,0.04452125257402782,20
693,0.6708695896167431,-0.014459426640995079,20
694,0.4494154863157904,0.02664580847757163,20
695,0.5228239027809314,0.019820358798117527,20
696,0.5280424952517573,0.01761385124859223,20
697,0.05541333603406577,0.05795011468550231,20
698,0.4166769095292705,0.026445399826531636,20
699,0.02874272138259333,0.0654624401007919,20
700,0.0026288246494417466,0.09274064986793691,20
701,0.1305856535987281,0.051883979481456836,20
702,0.7311931954530138,0.010673051618034585,20
703,0.15798328915643445,0.04632276364147689,20
704,0.7570435575360559,0.009293223166798759,20
705,0.3532156878198953,-0.03150129080706457,20
706,0.9435652833250419,-0.0022424710322972202,20
707,0.8977558252918654,-0.004147008565369865,20
708,0.36508844021441667,0.024822515179806,20
709,0.9157350129759598,0.0035328593300495963,20
710,0.21599268703030594,0.039937081171118764,20
711,0.5223933123670081,0.02182973327648886,20
712,0.16580695833903955,0.0470368911325201,20
713,0.1614578548874053,0.04081808590382556,20
714,0.9099938049692105,-0.0029765808171269494,20
715,0.6226509107747813,0.015806631510531948,20
716,0.17464265420603511,0.042067772555433404,20
717,0.05785464330259731,0.05787127209885665,20
718,0.9559742894099326,0.0017101183146831934,20
719,0.0117622539055383,0.07703309606877073,20
720,0.9201590083377633,-0.0029042330570179034,20
721,0.46393194127434445,-0.023417574619829188,20
722,0.2084733667124346,0.04199174873797188,20
723,0.6351465652845615,0.012807982635263287,20
724,0.34231051799619006,0.028550624709230005,20
725,0.365774879667201,0.02672398967755948,20
726,0.032262872927046236,0.058211718238612084,20
727,0.10073202136514015,0.05155155557073705,20
728,0.18797878995175096,0.03760822585914313,20
729,0.2162396028390197,0.035586350518337376,20
730,0.5206183602081926,0.023298298768410674,20
731,0.08213932771097136,0.0589580201143284,20
732,0.05713553392796469,0.053537397883376456,20
733,0.054653753806107624,0.05534878692879953,20
734,0.2109902685276749,0.03810572748995373,20
735,0.785522222926027,0.008094225319497883,20
736,0.9477460936353448,-0.0023011592637650897,20
737,0.5666648927086779,0.018048256907805236,20
738,0.3555094334022474,0.028198897257563808,20
739,0.9846033769523939,6.523623564232324e-4,20
740,0.2981870211782087,0.029478589046035224,20
741,0.9672443908573893,-0.0012363428813231636,20
742,0.7454960617923093,0.01081772228737267,20
743,0.7414195411993694,0.010547907703817834,20
744,0.8915353502536575,-0.004537827799735526,20
745,0.21955579054488375,0.04061450648057804,20
746,0.28330051221603175,0.030121589955861516,20
747,0.15332433253948896,0.04872279383002666,20
748,0.29219138850545073,0.03094120487514973,20
749,0.7682940681006171,0.00876635694651676,20
750,0.21424667307806278,0.03705704403604829,20
751,0.4939646993548852,0.020477583518807137,20
752,0.19672162113075156,0.04046878940287924,20
753,0.3492881778848972,0.028611929913956804,20
754,0.0979631332824432,0.04790375533271654,20
755,0.32828642327470525,0.03224229962328731,20
756,0.27937370090175906,0.03839938406810691,20
757,0.21815691077681523,0.0381729395571325,20
758,0.441814634016783,0.026199540422725542,20
759,0.10235310970375841,0.04482090650549463,20
760,0.7178566118108138,-0.012569824212601135,20
761,0.7375537905712384,0.009672245191698224,20
762,0.6822234017349988,-0.013211294867092289,20
763,0.45241813894930694,0.022154360429962314,20
764,0.589988972950992,0.018503933403282553,20
765,0.5301131855184287,0.022057686742511184,20
766,0.19147049871022265,0.04257714896220235,20
767,0.002420228184628132,0.09068574880435394,20
768,0.6301918380195038,0.016469641847960084,20
769,0.5057840447221731,0.022192989561150622,20
770,0.2563295629515124,0.039716831700644224,20
771,0.2830213031018235,0.03297647020952315,20
772,0.08756949200166585,0.055322199026797324,20
773,0.7213848270637764,0.012966465677072131,20
774,0.2246294492597536,0.037638232641088704,20
775,0.6148116245524555,0.017375475021309966,20
776,0.9714901468163156,0.0011258233326261443,20
777,0.19305865740951436,0.04236654116894041,20
778,0.15310770294386422,0.045462429445365854,20
779,0.46424530716861256,0.021515009171306235,20
780,0.6879023338418707,-0.012720755719026323,20
781,0.0825006973847732,0.05594174031766389,20
782,0.6509467540597407,0.013207275246794978,20
783,0.13216364011300702,0.04804444039454388,20
784,0.5333522223977591,0.018057890088866192,20
785,0.14865861603446856,0.045733411088336326,20
786,0.3683480768820043,0.027740588173651697,20
787,0.7457974660434019,0.010356995407894629,20
788,0.42689272328293637,0.02560274064326439,20
789,0.06872603106100798,0.054308208753544696,20
790,0.04105427855624027,0.06477593291522178,20
791,0.8687768845045253,-0.005015138575941543,20
792,0.09541145826686495,0.0654217052389376,20
793,0.0795490646667791,0.048427746718956395,20
794,0.10915732823783973,0.05597787286751182,20
795,0.13045362004886155,0.04438007880829601,20
796,0.062583282550942,0.06240949529784169,20
797,0.8207843975536029,0.006753822185425074,20
798,0.16693482781516641,0.046301295229291495,20
799,0.03751693017873311,0.06711901383014637,20
800,0.1251193224259762,0.049527432129510295,20
801,0.6977518397900224,0.012062566431843438,20
802,0.5110143003109818,0.020560475380330206,20
803,0.2989738286940391,-0.030480746887091483,20
804,0.06276967587017254,0.05363482063772588,20
805,0.16452851222653586,0.046924204325311844,20
806,0.5393691931936234,0.020265046706575866,20
807,0.5101527194184132,0.02171589035575415,20
808,0.17348275227578006,0.047432681725731805,20
809,0.2145979921617656,0.03741866543796801,20
810,0.33801212528530467,0.031470562248248284,20
811,0.18401854487979705,0.04633992450653998,20
812,0.4044071476594171,0.028012479069571987,20
813,0.33711860416365913,0.028543731488298387,20
814,0.6709809772906449,0.014113528858115136,20
815,0.8985858770209008,0.00381846186832351,20
816,0.5521697881625045,0.016807797301947716,20
817,0.5908611551530992,0.017386816581486057,20
818,0.17693926290193027,0.047931567879899266,20
819,0.7500436880374699,0.010116458925919163,20
820,0.3485195228068665,0.035248356618772306,20
821,0.24091876993481934,0.035977807395482245,20
822,0.891863516464757,-0.00453028361791498,20
823,0.3469183280891084,0.033604660056441187,20
824,0.08480293208220792,0.057608511575684536,20
825,0.07350355108825285,0.05756271107824986,20
826,0.4181037091275558,-0.02368959300045447,20
827,0.7546235994665013,0.010452081999726746,20
828,0.23558676922945107,0.03744123434109046,20
829,0.44329523327034015,0.02366406265635483,20
830,0.10210272315714851,0.04390657494895712,20
831,0.5513124566736962,0.020321821721840164,20
832,0.95663718939946,0.0015698522967845362,20
833,0.3183013564646773,0.03037598729029788,20
834,0.08271681772956538,0.05622530817897755,20
835,0.3729702968665245,0.030200199888895222,20
836,0.4677118558095069,0.025107940877605758,20
837,0.14793099036024762,0.040529137946579204,20
838,0.27557934312025895,0.033731519940465464,20
839,0.5954520667291703,0.016437128892432675,20
840,0.07221856672683373,0.061208461804214895,20
841,0.7684519468225495,-0.009839533676944134,20
842,0.20985010228020964,0.037734477499672174,20
843,0.21775680480278256,0.038075959740905274,20
844,0.49390225671513344,0.023380255303832424,20
845,0.8952111222594177,-0.0042652967195014576,20
846,0.2472791660247981,0.03537413238261998,20
847,0.027781755857503667,0.0752579892260248,20
848,0.2587733080637935,0.03284450272875873,20
849,0.43813030463527947,0.024764313669495823,20
850,0.7517339556927654,0.009919388529691684,20
851,0.23407477708818455,0.04307806459379444,20
852,0.014389024413374852,0.06971893758684343,20
853,0.5709834417162017,0.01898503944670199,20
854,0.2309705309788195,0.035055575881521174,20
855,0.19214115252048314,0.04113614044560434,20
856,0.9818203691999903,7.491437433354088e-4,20
857,0.04775228107844755,0.06488854010068719,20
858,0.39680864662722626,0.02794230268108916,20
859,0.1795894292900217,0.04604331859013945,20
860,0.12601232569038595,0.05163732877222929,20
861,0.2028531813831944,0.04092954440560015,20
862,0.7785496700456378,-0.00850739621903238,20
863,0.13991412891002072,0.05009298005430649,20
864,0.2725557452792058,0.0358087081989318,20
865,0.2410482143706619,0.03702449140602742,20
866,0.4568972664079657,0.02284749191679108,20
867,0.4869101925581105,0.022912122473989792,20
868,0.011189640319457355,0.08155639477769272,20
869,0.6518999267910695,0.014676944564702822,20
870,0.018041919878932385,0.07048422329757519,20
871,0.567615186684615,0.015693796284705453,20
872,0.4513502395906711,0.02476800838385796,20
873,0.6907374018768744,-0.010776426219812703,20
874,0.8864116383616572,0.004490326848685038,20
875,0.5219223856110949,0.020450645295167113,20
876,0.681567349897969,-0.012452276519137544,20
877,0.324429843521854,0.028279108607948876,20
878,0.38972911598293547,0.023567295553893038,20
879,0.5728101547865045,0.017537690555529246,20
880,0.4721483107076271,0.021617658368656194,20
881,0.10598464005395393,0.045742613549207195,20
882,0.5617334837795755,0.01892860707453459,20
883,0.22330200205772577,0.043039829363768906,20
884,0.12151435548383764,0.043947501982505174,20
885,0.06632029288925068,0.059378824474737385,20
886,0.28727179855655444,0.0338385845765168,20
887,0.3879984145026696,0.024583806216364072,20
888,0.24937198400711674,0.038366488913013246,20
889,0.6350142401738896,0.01498380238791683,20
890,0.1475779555701366,0.04759349180068631,20
891,0.8993330861736224,0.003957648678857036,20
892,0.260621318648766,0.04035365021934316,20
893,0.13024898708044916,0.0459435993181838,20
894,0.9323217961808932,0.0023710473670115924,20
895,0.17040395681112364,0.04300163300240401,20
896,0.5616371449980142,0.0186315829113629,20
897,0.5197984887052379,0.01899076272441138,20
898,0.5556383725086451,0.01881044142403679,20
899,0.6698950579455807,0.013857146062691872,20
900,0.5514578292308221,0.019185090963886157,20
901,0.44346819312344454,0.028385785196656937,20
902,0.7290503030558138,0.011102350234729273,20
903,0.4910235572753283,0.021988959108741348,20
904,0.2539708502963692,0.03751156979705354,20
905,0.041387000709198665,0.06672510992227373,20
906,0.7808316000063052,0.009010740152510684,20
907,0.057910291388373246,0.062352587785319734,20
908,0.4637886979582103,0.02257853735507742,20
909,0.21445281628007595,0.050701588485529185,20
910,0.5480872278053678,-0.018014449232851237,20
911,0.1290874397951585,0.045803982060677276,20
912,0.025458887829924854,0.07524605407896319,20
913,0.18510628665935613,0.04702134313898144,20
914,0.7822362444089157,0.008770818951870214,20
915,0.2687806749706311,0.036699245427147004,20
916,0.3576236240701929,0.02854693892844793,20
917,0.01705669694649192,0.0809680218859651,20
918,0.12654690756038375,0.046853619754035306,20
919,0.1736450931858,0.038600655803624095,20
920,0.35671978262098014,0.031061236635296138,20
921,0.8930575424723151,0.004308480128158211,20
922,0.06849275574667081,0.05964858221844291,20
923,0.7489092032629636,0.008949227309669069,20
924,0.9046828557626971,0.003872714823184316,20
925,0.712685532222602,0.011383362481183235,20
926,0.7786730998231042,0.008814090559467637,20
927,0.1374837819777261,0.04752721103743688,20
928,0.9039379776816667,-0.003569729065184871,20
929,0.8830153323053627,0.004428087191406012,20
930,0.5210167129064864,-0.02264356396657277,20
931,0.5939750046180458,0.0190318873390078,20
932,0.4887805654802142,0.024065567892409122,20
933,0.24972588247705213,0.041886026488878354,20
934,0.43173610310845223,0.028836134775310527,20
935,0.10799188294637756,0.051919487445940285,20
936,0.5429737783588415,0.02022144385591701,20
937,0.18031626967046757,0.04068502697710965,20
938,0.18689027778225717,0.04361390936142146,20
939,0.1650802507581268,0.03789873558071392,20
940,0.19204851691052957,0.04425499368930073,20
941,0.5095594915044002,-0.02020382063466055,20
942,0.2279331616249504,0.03919367193705839,20
943,0.32776523751082964,0.027098524313856287,20
944,0.01915408522330408,0.06625153764482544,20
945,0.072574138312734765,0.05593597825449575,20
946,0.7101055956263901,0.012357974923952474,20
947,0.08429661224008392,0.0521424262111421,20
948,0.18725200773033132,0.037548599906423966,20
949,0.038033972102972935,0.06213479826122983,20
950,0.8436729196501708,0.0058754863775023255,20
951,0.8220415141059861,-0.006750146799242707,20
952,0.5678022826598985,0.01805150145609564,20
953,0.6827004232634053,0.014429398117294927,20
954,0.10388914551701516,0.051024192634769865,20
955,0.1390491290985591,0.04119065256531217,20
956,0.17791070569931514,0.042486798265352864,20
957,0.22770768974834127,0.039354942766807406,20
958,0.25047376093454066,0.039158718045854135,20
959,0.24916876584044023,0.034051152224785726,20
960,0.04982207370380113,0.059931372229415324,20
961,0.4102989569556227,0.025296447760692727,20
962,0.2250362359391764,0.036037516661889535,20
963,0.28419823335812383,0.033624935945010766,20
964,0.1757638503295913,0.04019669733951375,20
965,0.3016902157861364,0.03410091486755468,20
966,0.8282579894443847,0.006635007462852595,20
967,0.7278638129141819,0.011417139878324522,20
968,0.16277876596176247,0.04558388607302465,20
969,0.4695260500868502,0.02075324439248467,20
970,0.417662392449184,0.02238104151866707,20
971,0.6328899122139715,0.014357414643408742,20
972,0.24639714477539232,0.03698402613424239,20
973,0.27991087251651303,0.03482683160141301,20
974,0.7040946723970163,-0.011226114556900205,20
975,0.9854517403634593,5.125284626977539e-4,20
976,0.6209227703808453,0.015943977716083687,20
977,0.27709568049335964,0.0336566063661964,20
978,0.24073916896968608,0.038631219423267325,20
979,0.18219559378649453,0.04781769480983214,20
980,0.24177460593185038,0.037786519630741734,20
981,0.8004382027892875,0.007854184044955286,20
982,0.24896106410934193,0.03697592258581795,20
983,0.01637016499296425,0.07410290236472188,20
984,0.8203757399085896,-0.006908091484339278,20
985,0.9163949898498224,0.0033379097234265786,20
986,0.22998232980954858,0.041940486304595494,20
987,0.6114140224386604,0.016212803069712664,20
988,0.4749733870802869,0.019149299554743635,20
989,0.12041446167974261,0.043313456768423825,20
990,0.5120300322679405,0.019441537016996555,20
991,0.5493690779044524,0.017449632487331133,20
992,0.11373882626204557,0.056393947789056896,20
993,0.3756341785563494,0.02584097310208125,20
994,0.21669586576485697,0.04392112660391602,20
995,0.07585800838660073,0.05388769389449805,20
996,0.08744174750740137,0.052775604521956156,20
997,0.5043182242809783,0.021756371439919188,20
998,0.09979333457212251,0.05975120098681934,20
999,0.12214421652050005,0.04925185628053409,20
1000,0.1310631911529429,0.04960879957258478,20
